[app/ui]
version = 8.0.6
modtime = 1605982274.351081400

[app/launcher]
version = 8.0.6
modtime = 1605982274.354073600
